object Form1: TForm1
  Width = 640
  Height = 672
  object WebLabel1: TWebLabel
    Left = 176
    Top = 72
    Width = 44
    Height = 13
    Caption = 'Rut Race'
    HeightPercent = 100.000000000000000000
    WidthPercent = 100.000000000000000000
  end
end
